ID1/ID2: 10/016
Timestamp: [0.06813235580921173, 6.7723307609558105]
Sentence: a car is seen driving a car with a car and a man in a car car.