ID1/ID2: 10/033
Timestamp: [0.002944779349491, 10.399999618530273]
Sentence: a man is seen riding a car down a street.