ID1/ID2: 10/018
Timestamp: [4.116480827331543, 10.349291801452637]
Sentence: the car is then seen driving down the car and the man walks away.