ID1/ID2: 10/012
Timestamp: [0.00199127197265625, 7.199999809265137]
Sentence: people are driving around a car.