ID1/ID2: 10/032
Timestamp: [0.008193529210984707, 8.300000190734863]
Sentence: a man is driving a car in a car.