ID1/ID2: 10/042
Timestamp: [0.010309445671737194, 10.233333587646484]
Sentence: a man is standing in a car.