ID1/ID2: 10/037
Timestamp: [2.2573366165161133, 8.040143013000488]
Sentence: a car is seen driving around the car.