ID1/ID2: 10/013
Timestamp: [4.190768718719482, 10.800000190734863]
Sentence: a man in a car car is driving in the car.