ID1/ID2: 10/025
Timestamp: [0.007456988096237183, 14.996482849121094]
Sentence: a man is driving a car in a car.