ID1/ID2: 10/006
Timestamp: [6.448626663768664e-05, 11.6319580078125]
Sentence: people are standing in a street.