ID1/ID2: 10/023
Timestamp: [0.01136818528175354, 12.898015022277832]
Sentence: a man is seen standing in a car.