ID1/ID2: 10/003
Timestamp: [2.441559314727783, 6.089578151702881]
Sentence: a man is seen driving down a car car with a car.