ID1/ID2: 10/017
Timestamp: [7.332861423492432e-05, 8.624979972839355]
Sentence: a man is riding a car down a street.