ID1/ID2: 10/007
Timestamp: [0.002195755485445261, 9.331155776977539]
Sentence: a person is riding down a street.