ID1/ID2: 10/029
Timestamp: [0.0047328113578259945, 12.395774841308594]
Sentence: a man is riding a street.