ID1/ID2: 10/002
Timestamp: [0.00939061027020216, 8.699999809265137]
Sentence: a man is seen walking down a car.