ID1/ID2: 10/048
Timestamp: [0.0022360326256603003, 8.79941463470459]
Sentence: a man is standing outside a car car.