ID1/ID2: 10/040
Timestamp: [0.0025377452839165926, 7.799272060394287]
Sentence: a person is riding down a street.