ID1/ID2: 10/005
Timestamp: [4.974130153656006, 12.58698844909668]
Sentence: the man continues to speak to the camera and continues to speak to the camera.