ID1/ID2: 10/027
Timestamp: [4.222928047180176, 10.795849800109863]
Sentence: the man then rides the car down the street.