ID1/ID2: 10/039
Timestamp: [1.4289227724075317, 5.661863803863525]
Sentence: a car car in a car car.