ID1/ID2: 10/014
Timestamp: [5.250476360321045, 13.382335662841797]
Sentence: the man walks away from the car.