ID1/ID2: 11/047
Timestamp: [2.395846366882324, 7.531130313873291]
Sentence: a man is seen walking around a car and a man walks away.