ID1/ID2: 11/005
Timestamp: [0.017023980617523193, 7.333333492279053]
Sentence: a man is seen walking down a car.