ID1/ID2: 11/037
Timestamp: [0.003191971918568015, 8.800000190734863]
Sentence: a man is driving a car in a car.