ID1/ID2: 11/065
Timestamp: [3.9026010036468506, 9.77410888671875]
Sentence: the man continues riding down the street and the camera pans around the area.