ID1/ID2: 11/028
Timestamp: [2.2972090244293213, 8.039837837219238]
Sentence: a man is seen walking down a car.