ID1/ID2: 11/032
Timestamp: [3.1251354217529297, 10.489744186401367]
Sentence: a car car in a car car.