ID1/ID2: 11/006
Timestamp: [4.415042400360107, 11.333333015441895]
Sentence: the man then walks away from the car.