ID1/ID2: 11/069
Timestamp: [0.007147669792175293, 6.800000190734863]
Sentence: a man is standing on a street.