ID1/ID2: 11/058
Timestamp: [2.183448314666748, 5.599999904632568]
Sentence: a man is seen walking into a car car.