ID1/ID2: 11/044
Timestamp: [0.007725611329078674, 6.9923996925354]
Sentence: a man is seen walking down a street with a man walking on the street.