ID1/ID2: 11/010
Timestamp: [2.560311794281006, 8.039935111999512]
Sentence: a car is seen riding a car in a car.