ID1/ID2: 11/015
Timestamp: [0.04602860286831856, 6.7107462882995605]
Sentence: a man is seen walking down a car with a car and a man in a car.