ID1/ID2: 11/026
Timestamp: [0.011611012741923332, 13.733333587646484]
Sentence: a car car is driving a car.