ID1/ID2: 11/024
Timestamp: [0.004418799187988043, 7.299210071563721]
Sentence: a man is seen riding a car down a car.