ID1/ID2: 11/062
Timestamp: [4.257902145385742, 6.099999904632568]
Sentence: the man walks away and the man walks away.