ID1/ID2: 11/033
Timestamp: [2.587758779525757, 9.64711856842041]
Sentence: a man is seen walking off the car with a car.