ID1/ID2: 11/036
Timestamp: [1.5620778799057007, 5.657903671264648]
Sentence: a man is seen riding a car in a car.