ID1/ID2: 11/066
Timestamp: [0.0035179059486836195, 13.232134819030762]
Sentence: a man is driving a car with a car.