ID1/ID2: 11/072
Timestamp: [2.01572322845459, 7.907908916473389]
Sentence: a man in a car car is driving in a car.