ID1/ID2: 11/007
Timestamp: [2.231053352355957, 9.406597137451172]
Sentence: a person is seen walking down the street.