ID1/ID2: 11/025
Timestamp: [4.2958197593688965, 10.773662567138672]
Sentence: the man continues riding down the street and the man continues to ride around the car.