ID1/ID2: 11/035
Timestamp: [1.8855552673339844, 6.66253137588501]
Sentence: a car is seen driving a car with a car.