ID1/ID2: 11/057
Timestamp: [0.0006409645429812372, 8.79576587677002]
Sentence: a person is riding down a road.