ID1/ID2: 11/023
Timestamp: [2.8461711406707764, 9.401881217956543]
Sentence: a man is seen speaking to the camera and leads into a car car.