ID1/ID2: 11/034
Timestamp: [1.9348928928375244, 8.161979675292969]
Sentence: a car is seen driving a car in a car.