ID1/ID2: 11/017
Timestamp: [5.3987627029418945, 7.699999809265137]
Sentence: the man then walks away.