ID1/ID2: 11/001
Timestamp: [2.167120933532715, 5.699999809265137]
Sentence: the man then walks away from the car.