ID1/ID2: 11/055
Timestamp: [0.015934467315673828, 9.600000381469727]
Sentence: a man is driving a car in a car.