ID1/ID2: 11/052
Timestamp: [0.026664888486266136, 7.587024211883545]
Sentence: a man is driving a car in a car.