ID1/ID2: 11/031
Timestamp: [2.8664259910583496, 9.3878812789917]
Sentence: a man is seen walking around a car and a car car.