ID1/ID2: 11/049
Timestamp: [0.03597215563058853, 7.884749412536621]
Sentence: a man is seen walking down a car.