ID1/ID2: 11/051
Timestamp: [3.911095142364502, 5.599999904632568]
Sentence: the car car in the car.