ID1/ID2: 11/050
Timestamp: [0.002334117889404297, 11.730624198913574]
Sentence: a man is driving a car in a car.