ID1/ID2: 11/060
Timestamp: [2.0911970138549805, 5.433333396911621]
Sentence: the man then walks away from the car.