ID1/ID2: 12/006
Timestamp: [0.00540767889469862, 9.196571350097656]
Sentence: a man is standing in a street.