ID1/ID2: 12/004
Timestamp: [2.665576457977295, 11.67966365814209]
Sentence: a man is seen riding a car down a car.