ID1/ID2: 12/009
Timestamp: [1.852635383605957, 7.755941390991211]
Sentence: a man is seen riding down a car with a car.