ID1/ID2: 12/011
Timestamp: [3.8747289180755615, 5.5333333015441895]
Sentence: the car is driving on the car.