ID1/ID2: 12/005
Timestamp: [5.0014543533325195, 12.833333015441895]
Sentence: the man then walks away from the car.