ID1/ID2: 12/001
Timestamp: [0.0700470432639122, 7.111873626708984]
Sentence: a man is seen walking down a street and a man is seen walking around the street.