ID1/ID2: 12/007
Timestamp: [1.9347527027130127, 7.765511512756348]
Sentence: the man is seen riding down a car and a man is seen riding down the street.