ID1/ID2: 14/004
Timestamp: [0.006643867585808039, 10.198169708251953]
Sentence: a person is riding down a hill.