ID1/ID2: 14/002
Timestamp: [2.59679913520813, 9.351968765258789]
Sentence: a man is seen walking down a car.