ID1/ID2: 18/002
Timestamp: [2.7527172565460205, 9.20499324798584]
Sentence: a man is seen standing in a car car with a car.