ID1/ID2: 18/001
Timestamp: [0.006088342983275652, 7.633333206176758]
Sentence: a person is riding a car.