ID1/ID2: 1/006
Timestamp: [3.3352620601654053, 10.408628463745117]
Sentence: a car is seen walking around a car.