ID1/ID2: 1/007
Timestamp: [0.003265857696533203, 7.1988701820373535]
Sentence: a man is seen walking down a street.