ID1/ID2: 1/012
Timestamp: [0.0014125406742095947, 12.19323444366455]
Sentence: a man is seen walking down a car with a car.