ID1/ID2: 1/014
Timestamp: [0.0023120641708374023, 7.198561191558838]
Sentence: a person is riding down a street.