ID1/ID2: 1/011
Timestamp: [2.567183256149292, 11.007150650024414]
Sentence: a man is seen riding a car in a car.