ID1/ID2: 27/004
Timestamp: [2.799189567565918, 9.76906967163086]
Sentence: a man is seen walking down a car.