ID1/ID2: 27/003
Timestamp: [2.3021538257598877, 5.535482883453369]
Sentence: the man then walks away from the car.