ID1/ID2: 28/008
Timestamp: [0.008234381675720215, 14.988433837890625]
Sentence: a man is standing in a street.