ID1/ID2: 28/026
Timestamp: [4.944369316101074, 11.115909576416016]
Sentence: the man then walks away from the car.