ID1/ID2: 28/017
Timestamp: [0.0331961028277874, 7.021394729614258]
Sentence: a person is seen riding down a road with a man walking down a street.