ID1/ID2: 28/023
Timestamp: [4.596241474151611, 12.033333778381348]
Sentence: the man then rides down the street and the camera follows him.