ID1/ID2: 28/024
Timestamp: [2.6847946643829346, 6.933333396911621]
Sentence: the man then walks back and fourth and the man continues to speak to the camera.