ID1/ID2: 28/025
Timestamp: [0.006237232591956854, 11.933333396911621]
Sentence: people are riding down a street.