ID1/ID2: 29/012
Timestamp: [0.008167862892150879, 11.029369354248047]
Sentence: a person is riding a car down a street.