ID1/ID2: 29/011
Timestamp: [2.0154404640197754, 5.121832847595215]
Sentence: the man then takes a car and the man walks away.