ID1/ID2: 30/005
Timestamp: [0.011901870369911194, 12.100000381469727]
Sentence: a man is driving a car.