ID1/ID2: 31/003
Timestamp: [0.022190220654010773, 9.096092224121094]
Sentence: a man is driving a car in a car.