ID1/ID2: 31/002
Timestamp: [0.0001811057300074026, 6.695174694061279]
Sentence: a man is driving a car in a car.