ID1/ID2: 32/004
Timestamp: [2.0426204204559326, 8.824108123779297]
Sentence: a man is seen walking on a car and a man walks down a car.