ID1/ID2: 32/002
Timestamp: [2.242985486984253, 5.592188835144043]
Sentence: the man continues to speak to the camera.