ID1/ID2: 32/003
Timestamp: [0.015542292967438698, 11.79882526397705]
Sentence: a man is driving a car.