ID1/ID2: 32/001
Timestamp: [0.019105494022369385, 14.499635696411133]
Sentence: a car is driving a car.