ID1/ID2: 33/006
Timestamp: [2.743939161300659, 11.031512260437012]
Sentence: a man is seen riding around a car and ends with a man in a car.