ID1/ID2: 33/005
Timestamp: [9.964899063110352, 14.233333587646484]
Sentence: the man is seen walking down a car and a man walks away.