ID1/ID2: 33/003
Timestamp: [0.005354630760848522, 7.5809478759765625]
Sentence: a person is riding down a hill.