ID1/ID2: 34/013
Timestamp: [2.580186367034912, 10.416714668273926]
Sentence: a person is seen riding a car down a car.