ID1/ID2: 34/011
Timestamp: [0.01619013585150242, 6.831489562988281]
Sentence: a person is seen riding down a car with a car and down the car.