ID1/ID2: 34/064
Timestamp: [0.007829842157661915, 11.100000381469727]
Sentence: a man is standing outside a car.