ID1/ID2: 34/042
Timestamp: [2.2598156929016113, 5.833333492279053]
Sentence: the car car and the man gets away.