ID1/ID2: 34/039
Timestamp: [0.041898682713508606, 6.716394424438477]
Sentence: a man is seen walking down a car with a car and a man in a car.