ID1/ID2: 34/009
Timestamp: [0.06861269474029541, 7.380552291870117]
Sentence: a person is seen riding down a street and a man is seen riding down a street.