ID1/ID2: 34/010
Timestamp: [0.11781558394432068, 7.326925754547119]
Sentence: a man is seen walking around a car and a car car.