ID1/ID2: 34/057
Timestamp: [2.5696659088134766, 6.332540512084961]
Sentence: the man then takes a car and puts a car on the car.