ID1/ID2: 34/058
Timestamp: [2.0201077461242676, 5.0732622146606445]
Sentence: a man is seen speaking to the camera and leads into him walking away.