ID1/ID2: 34/047
Timestamp: [2.4688737392425537, 9.375046730041504]
Sentence: a man is seen walking down a street.