ID1/ID2: 34/036
Timestamp: [0.0001407355157425627, 8.096831321716309]
Sentence: a man is riding a car.