ID1/ID2: 34/054
Timestamp: [0.010540012270212173, 7.029728889465332]
Sentence: a man is seen walking down a car.