ID1/ID2: 34/032
Timestamp: [1.8728232383728027, 6.005259990692139]
Sentence: a car is seen driving a car in a car.