ID1/ID2: 34/029
Timestamp: [2.438948631286621, 8.281380653381348]
Sentence: a man is seen walking on a car and a man in a car.