ID1/ID2: 34/051
Timestamp: [0.02151685208082199, 9.399999618530273]
Sentence: a man is driving down a car.