ID1/ID2: 34/002
Timestamp: [2.536930799484253, 6.900000095367432]
Sentence: the man then takes a car and the man is washing the car.