ID1/ID2: 34/019
Timestamp: [0.00429450673982501, 9.030113220214844]
Sentence: a man is driving a car in a car.