ID1/ID2: 34/024
Timestamp: [4.062673568725586, 5.800000190734863]
Sentence: a car car in the car.