ID1/ID2: 34/052
Timestamp: [2.590059280395508, 8.017721176147461]
Sentence: a car car in a car car.