ID1/ID2: 34/014
Timestamp: [0.031278181821107864, 7.271342754364014]
Sentence: a man is seen speaking to the camera while a man is seen speaking to the camera.