ID1/ID2: 34/001
Timestamp: [2.457723379135132, 6.400000095367432]
Sentence: the man continues riding around the street.