ID1/ID2: 34/040
Timestamp: [0.00684542628005147, 14.39904499053955]
Sentence: a car is driving a car.