ID1/ID2: 34/050
Timestamp: [0.03992966189980507, 6.77116584777832]
Sentence: a car is seen driving a car with a car and a car.