ID1/ID2: 34/027
Timestamp: [0.0006074905395507812, 10.394675254821777]
Sentence: a man is standing in a car car.