ID1/ID2: 34/021
Timestamp: [2.364353895187378, 5.841889381408691]
Sentence: the car car and the man gets out.