ID1/ID2: 36/003
Timestamp: [0.0051856995560228825, 5.599999904632568]
Sentence: a man is driving a car in a car.