ID1/ID2: 38/023
Timestamp: [0.0004862487257923931, 7.096723556518555]
Sentence: a man is driving in a car.