ID1/ID2: 38/019
Timestamp: [0.0132715729996562, 9.633333206176758]
Sentence: a man is driving a car in a car.