ID1/ID2: 38/004
Timestamp: [3.9199142456054688, 10.100000381469727]
Sentence: a man is seen walking around the car and a man walks around the car.