ID1/ID2: 38/025
Timestamp: [0.0013821065658703446, 7.398125648498535]
Sentence: a man is driving a car with a car.