ID1/ID2: 38/018
Timestamp: [4.033286094665527, 10.600000381469727]
Sentence: a man is seen walking down a car and a car car.