ID1/ID2: 38/001
Timestamp: [0.010373282246291637, 7.18096923828125]
Sentence: a man is driving a car in a car.