ID1/ID2: 38/012
Timestamp: [0.13015083968639374, 7.311025142669678]
Sentence: a man is seen walking down a car with a car and a man in a car.