ID1/ID2: 38/007
Timestamp: [0.003060437273234129, 7.630927085876465]
Sentence: a man is seen walking down a street.