ID1/ID2: 38/021
Timestamp: [4.639675617218018, 11.815619468688965]
Sentence: the car car and the man continues to speak to the camera.