ID1/ID2: 38/010
Timestamp: [0.000905456196051091, 8.031505584716797]
Sentence: a man is standing in a car.