ID1/ID2: 39/004
Timestamp: [0.0023681800812482834, 6.927836894989014]
Sentence: a man is seen riding down a car with a man in a car.