ID1/ID2: 39/007
Timestamp: [0.002433210611343384, 14.993744850158691]
Sentence: a car is driving a car.