ID1/ID2: 39/002
Timestamp: [2.192187547683716, 5.594324111938477]
Sentence: the car is driving the car.