ID1/ID2: 39/009
Timestamp: [0.013092666864395142, 10.233333587646484]
Sentence: a car is driving in a car.