ID1/ID2: 39/010
Timestamp: [0.0012889892095699906, 8.297051429748535]
Sentence: a man is standing on a street.