ID1/ID2: 39/006
Timestamp: [0.008394643664360046, 8.100000381469727]
Sentence: people are driving around a car.