ID1/ID2: 3/004
Timestamp: [0.04414699226617813, 6.613635540008545]
Sentence: a person is seen riding down a road with a person riding down on a track.