ID1/ID2: 40/006
Timestamp: [0.015742313116788864, 9.899999618530273]
Sentence: a car is driving a car.