ID1/ID2: 40/013
Timestamp: [0.05611120164394379, 6.022615432739258]
Sentence: a person is seen riding a car down a street.