ID1/ID2: 40/054
Timestamp: [0.008856503292918205, 7.528429985046387]
Sentence: a man is driving a car in a car.