ID1/ID2: 40/022
Timestamp: [0.004689019639045, 6.5987868309021]
Sentence: a man is seen riding a car down a street.