ID1/ID2: 40/008
Timestamp: [0.004652738571166992, 14.997251510620117]
Sentence: a man is driving a car in a car.