ID1/ID2: 40/015
Timestamp: [0.0073885200545191765, 5.599999904632568]
Sentence: a man is driving down a street.