ID1/ID2: 40/058
Timestamp: [0.004998528864234686, 8.397012710571289]
Sentence: people are driving in a car.