ID1/ID2: 40/050
Timestamp: [0.005299381446093321, 6.532360553741455]
Sentence: a man is seen walking down a car.