ID1/ID2: 40/020
Timestamp: [4.079613208770752, 10.533333778381348]
Sentence: the man continues riding around the car and ends with a man walking away.