ID1/ID2: 40/057
Timestamp: [0.010059221647679806, 9.129968643188477]
Sentence: a man is standing in a street.