ID1/ID2: 40/001
Timestamp: [2.0520524978637695, 5.17917013168335]
Sentence: the man then walks away from the car and the man walks away.