ID1/ID2: 40/024
Timestamp: [0.00763229513540864, 6.133333206176758]
Sentence: a man is driving a car.