ID1/ID2: 40/056
Timestamp: [0.00922219455242157, 6.498383522033691]
Sentence: a man is riding a street.