ID1/ID2: 40/046
Timestamp: [2.4662375450134277, 6.333333492279053]
Sentence: the man then walks down the street and the man walks around the car.