ID1/ID2: 40/018
Timestamp: [2.028885841369629, 5.233333110809326]
Sentence: the man continues to speak to the camera while the camera pans around the car.