ID1/ID2: 40/047
Timestamp: [2.17171311378479, 5.386589050292969]
Sentence: the man then walks away from the car.