ID1/ID2: 40/053
Timestamp: [0.003566741943359375, 6.800000190734863]
Sentence: a man is walking down a street.