ID1/ID2: 41/004
Timestamp: [2.5132176876068115, 6.294925689697266]
Sentence: the man walks away from the car.