ID1/ID2: 41/002
Timestamp: [4.128090858459473, 10.600000381469727]
Sentence: the man continues to speak to the camera and ends with a man walking away.