ID1/ID2: 41/001
Timestamp: [0.0027137496508657932, 8.333333015441895]
Sentence: a car is driving in a car.