ID1/ID2: 42/003
Timestamp: [0.0010126560227945447, 9.698596000671387]
Sentence: people are driving down a street.