ID1/ID2: 42/001
Timestamp: [2.4383959770202637, 6.047368049621582]
Sentence: the car is then seen walking around the car and the man walks away.