ID1/ID2: 45/001
Timestamp: [0.003809422254562378, 8.49855899810791]
Sentence: people are driving around a car.