ID1/ID2: 46/005
Timestamp: [0.007050418760627508, 10.131107330322266]
Sentence: a car is driving a car.