ID1/ID2: 47/003
Timestamp: [0.059452056884765625, 7.350820064544678]
Sentence: a person is seen riding down a road with a man riding down on the street.