ID1/ID2: 47/001
Timestamp: [0.005876908078789711, 9.228436470031738]
Sentence: a man is driving a car.