ID1/ID2: 47/009
Timestamp: [0.012018809095025063, 7.0333333015441895]
Sentence: a man is standing in a street.