ID1/ID2: 47/005
Timestamp: [4.180999279022217, 10.800000190734863]
Sentence: the man then rides the car down the street.