ID1/ID2: 49/005
Timestamp: [0.008388251066207886, 9.097990036010742]
Sentence: a man is riding down a street.