ID1/ID2: 4/004
Timestamp: [0.005979991052299738, 7.599999904632568]
Sentence: a car is driving down a street.