ID1/ID2: 51/005
Timestamp: [0.018378302454948425, 9.133333206176758]
Sentence: a car is driving down a street.