ID1/ID2: 51/002
Timestamp: [0.0025594711769372225, 10.798454284667969]
Sentence: a person is seen riding a car down a track.