ID1/ID2: 51/006
Timestamp: [2.365797519683838, 9.126230239868164]
Sentence: a man is seen riding a car down a car.