ID1/ID2: 51/004
Timestamp: [0.0010640145046636462, 9.577834129333496]
Sentence: a person is riding down a street.