ID1/ID2: 54/012
Timestamp: [2.099339723587036, 5.274218559265137]
Sentence: the man continues riding down the street.