ID1/ID2: 54/004
Timestamp: [0.003138464642688632, 8.633333206176758]
Sentence: a man is standing in a street.