ID1/ID2: 54/010
Timestamp: [4.5333075523376465, 11.633333206176758]
Sentence: the man then rides the car down the street.