ID1/ID2: 54/009
Timestamp: [2.7532105445861816, 6.846829414367676]
Sentence: the man continues to speak to the camera.