ID1/ID2: 54/005
Timestamp: [2.044814109802246, 5.300000190734863]
Sentence: the man continues riding around the street and ends with a man walking down the street.