ID1/ID2: 5/007
Timestamp: [0.009540772996842861, 8.800000190734863]
Sentence: a man is skateboarding down a street.