ID1/ID2: 5/001
Timestamp: [2.286538600921631, 5.900000095367432]
Sentence: the car is driving in the car.