ID1/ID2: 5/009
Timestamp: [0.0036764144897460938, 14.98917293548584]
Sentence: a man is driving a car with a car.