ID1/ID2: 5/010
Timestamp: [2.0476036071777344, 5.333333492279053]
Sentence: the man then rides down the street and the man continues to ride around the street.