ID1/ID2: 5/012
Timestamp: [0.0014457106590270996, 14.97639274597168]
Sentence: a person is seen riding a car down a road.