ID1/ID2: 5/019
Timestamp: [0.008889698423445225, 10.199999809265137]
Sentence: a man is walking down a street.