ID1/ID2: 5/022
Timestamp: [0.018730759620666504, 14.999282836914062]
Sentence: a car is driving a car.