ID1/ID2: 5/023
Timestamp: [2.230151653289795, 8.196746826171875]
Sentence: a man is seen walking down a street.