ID1/ID2: 5/024
Timestamp: [3.993480682373047, 10.233333587646484]
Sentence: the man then walks away from the car and then the man walks away.