ID1/ID2: 5/037
Timestamp: [0.0022263526916503906, 6.9945573806762695]
Sentence: a man is seen standing in a street.