ID1/ID2: 5/036
Timestamp: [0.01992722786962986, 9.199999809265137]
Sentence: a man is standing outside a street.