ID1/ID2: 5/041
Timestamp: [0.0025742053985595703, 5.996800422668457]
Sentence: a man is seen walking down a car.