ID1/ID2: 5/042
Timestamp: [0.004804745316505432, 7.300000190734863]
Sentence: a man is driving a car.