ID1/ID2: 5/044
Timestamp: [2.229785680770874, 5.559742450714111]
Sentence: the man then walks away from the car.