ID1/ID2: 6/002
Timestamp: [3.171687126159668, 8.093207359313965]
Sentence: the man continues riding down the street.