ID1/ID2: 6/008
Timestamp: [2.446798086166382, 6.175772190093994]
Sentence: the man then rides the car down the car.