ID1/ID2: 6/001
Timestamp: [0.0034632920287549496, 7.733333110809326]
Sentence: a man is standing in a car.