ID1/ID2: 6/005
Timestamp: [0.012176924385130405, 9.399999618530273]
Sentence: a car is driving in a car.