ID1/ID2: 6/009
Timestamp: [0.00324232573620975, 6.599966049194336]
Sentence: a man is driving a car.