ID1/ID2: 6/018
Timestamp: [2.676332950592041, 6.781338214874268]
Sentence: the man continues riding down the street and the man walks away.