ID1/ID2: 6/010
Timestamp: [0.007625967264175415, 7.4392924308776855]
Sentence: a person is seen riding down a street with a car and down the street.