ID1/ID2: 6/019
Timestamp: [0.005106091499328613, 7.726830005645752]
Sentence: a man is seen walking down a street.