ID1/ID2: 6/015
Timestamp: [0.0009142120834439993, 10.729084014892578]
Sentence: a man is seen walking down a street.