ID1/ID2: 6/028
Timestamp: [0.0024139881134033203, 14.994250297546387]
Sentence: a man is seen riding a street down a street.