ID1/ID2: 6/022
Timestamp: [2.7035865783691406, 6.481918811798096]
Sentence: the man then walks down the street.