ID1/ID2: 6/027
Timestamp: [0.004281457979232073, 9.633333206176758]
Sentence: a man is standing in a car.