ID1/ID2: 6/021
Timestamp: [0.02003270387649536, 5.930741786956787]
Sentence: a person is seen walking down a road with a man walking down a street.