ID1/ID2: 6/031
Timestamp: [4.433051109313965, 11.143270492553711]
Sentence: the man then walks away from the car.