ID1/ID2: 6/035
Timestamp: [0.0050773900002241135, 8.128457069396973]
Sentence: a man is standing in a car.