ID1/ID2: 6/034
Timestamp: [0.003946393728256226, 6.948072910308838]
Sentence: a man is seen standing in a car car with a car and a man in a car car.