ID1/ID2: 7/003
Timestamp: [0.011845416389405727, 11.300000190734863]
Sentence: a man is riding down a street.