ID1/ID2: 8/001
Timestamp: [9.550154209136963e-05, 6.494114875793457]
Sentence: a man is standing outside a car.