ID1/ID2: 8/006
Timestamp: [4.760303020477295, 6.800000190734863]
Sentence: the man walks away from the car.