ID1/ID2: 8/013
Timestamp: [0.013770571909844875, 9.233333587646484]
Sentence: a man is driving a car.