ID1/ID2: 8/010
Timestamp: [3.0244719982147217, 10.96273136138916]
Sentence: the man is seen riding down the road and the camera follows him.