ID1/ID2: 8/015
Timestamp: [2.402832508087158, 6.12653923034668]
Sentence: the man continues to ride around the car.