ID1/ID2: 9/004
Timestamp: [2.540943145751953, 6.599999904632568]
Sentence: the man then walks away from the car and the man walks away.