ID1/ID2: 9/003
Timestamp: [0.001494482159614563, 10.088725090026855]
Sentence: a man is standing in a car.