ID1/ID2: 9/001
Timestamp: [2.046459913253784, 5.300000190734863]
Sentence: the man then walks away from the camera.