ID1/ID2: 9/006
Timestamp: [0.004216026980429888, 8.199999809265137]
Sentence: a man is skateboarding down a street.